2.561123127838653146e-01 5.154557132735668526e-03 2.220406012176586851e-03
2.608923630579315645e-01 5.951532380821088035e-03 2.493311104206474837e-03
2.656632726478888595e-01 6.770858329296693470e-03 2.774806914982550551e-03
2.704284998858070277e-01 7.606207585027714019e-03 3.062417236322400454e-03
2.751919263780756575e-01 8.450890047833279836e-03 3.353512488741504198e-03
2.799475700289661972e-01 9.319132456776556619e-03 3.653413932198970680e-03
2.846995242930596137e-01 1.020065633602174060e-02 3.958161438375682947e-03
2.894490025895661844e-01 1.109306770582796538e-02 4.266765520402963398e-03
2.941975856713448523e-01 1.199407032131324588e-02 4.578183886143241677e-03
2.989384415014622598e-01 1.292009203820487610e-02 4.898738184054383417e-03
3.036806573903861328e-01 1.384920767614535031e-02 5.219823473340023598e-03
3.084235944237936344e-01 1.478292981292933690e-02 5.542017748875385091e-03
3.131626175399286893e-01 1.573295284856645465e-02 5.869802542897733198e-03
3.178986181382376652e-01 1.669842075448363383e-02 6.202701882126830484e-03
3.226369113814732681e-01 1.766481359032147022e-02 6.535032287750121988e-03
3.273773250163168891e-01 1.863259025388714837e-02 6.866957354956492073e-03
3.321146189712271268e-01 1.961616889332303340e-02 7.204031912543128365e-03
3.368509479145693764e-01 2.061042007618660646e-02 7.544171688935940971e-03
3.415904730926615507e-01 2.160312464307762720e-02 7.882571931999751355e-03
3.463338927342008988e-01 2.259248887404665881e-02 8.218475350413303668e-03
3.510763599249619449e-01 2.359318980811921096e-02 8.557484415386309301e-03
3.558187156251733652e-01 2.460207835633288972e-02 8.898504594662850001e-03
3.605633006219529091e-01 2.561167548661276439e-02 9.238622281673540548e-03
3.653114582069463823e-01 2.661831376042311792e-02 9.576305827028650658e-03
3.700647863539862636e-01 2.762014210680224791e-02 9.910221337341795431e-03
3.748196989560119707e-01 2.862475814466115473e-02 1.024392621922580633e-02
3.795763887736084974e-01 2.963097224277950678e-02 1.057703910513158561e-02
3.843351314369055638e-01 3.063800347183876990e-02 1.090922818846254937e-02
3.890978585653983579e-01 3.164361858030022984e-02 1.123888962625552504e-02
3.938638872914027034e-01 3.264634167699977108e-02 1.156600976879765090e-02
3.986339869211884546e-01 3.364350446015075546e-02 1.188949354807644979e-02
4.034092897767795893e-01 3.463182148181641329e-02 1.220789103873375428e-02
4.081907268136311107e-01 3.561090964004279963e-02 1.252038928253734404e-02
4.129758420649522477e-01 3.658499072386554168e-02 1.282935690979568159e-02
4.177646699155926346e-01 3.755387348795838354e-02 1.313466919608696423e-02
4.225577537114120208e-01 3.851652392919788226e-02 1.343564752397211938e-02
4.273588393962020615e-01 3.946218170009330867e-02 1.372714859347503105e-02
4.321655692793829329e-01 4.038940654591573198e-02 1.401159944097432435e-02
4.369774289962584102e-01 4.129667844312857189e-02 1.428952037912786625e-02
4.417942378825774896e-01 4.217865612441640266e-02 1.456094882911925480e-02
4.466146400949487227e-01 4.304463098086843548e-02 1.482722440627121802e-02
4.514420750529046233e-01 4.388461345888464149e-02 1.508244321698875949e-02
4.562758328427912180e-01 4.470136722650744354e-02 1.532710903099566285e-02
4.611115031804153275e-01 4.551001205994095050e-02 1.556618360420551281e-02
4.659582978687625832e-01 4.628054895905762273e-02 1.578219094092116540e-02
4.708085304765882717e-01 4.704004125332567066e-02 1.598453338758128173e-02
4.756612571815883039e-01 4.779248871617482880e-02 1.617066230809999922e-02
4.805229278256396563e-01 4.851906425284078367e-02 1.631176193405963620e-02
4.853756427854999389e-01 4.929225447932992360e-02 1.636354229457310724e-02
4.896229364243253057e-01 5.210976551030276765e-02 1.707396257408084692e-02
4.930275642936716718e-01 5.771780371003257942e-02 1.879831872663262696e-02
4.959815434075000029e-01 6.428312115873635602e-02 2.170266083874515875e-02
4.989198131129612412e-01 7.054649246071066637e-02 2.478941989211423669e-02
5.018408673786263208e-01 7.658488569426882830e-02 2.803106382716359646e-02
5.047426558189734846e-01 8.243095535271427465e-02 3.142165945228202889e-02
5.076223342483834333e-01 8.803101191535937786e-02 3.502005346030091087e-02
5.104864244925109151e-01 9.348952375987648611e-02 3.875453207940489364e-02
5.133349575727947922e-01 9.882624704803739946e-02 4.254441782798399491e-02
5.161668769628641185e-01 1.040510627287214301e-01 4.631852749962033639e-02
5.189721852324284956e-01 1.091410129346121333e-01 5.003494237865854788e-02
5.217654046687868474e-01 1.141442545777626300e-01 5.371230147709792763e-02
5.245439803016773705e-01 1.190711078009556029e-01 5.735619186274300285e-02
5.273027071319261738e-01 1.239285066119034523e-01 6.097121546933004232e-02
5.300453830757981821e-01 1.286896468537266913e-01 6.454266821483720107e-02
5.327727700017338419e-01 1.333985829989259853e-01 6.809198077624736833e-02
5.354846994726765175e-01 1.380587569317930086e-01 7.162078459478099512e-02
5.381790977474029125e-01 1.426656057649047238e-01 7.512710352045594286e-02
5.408575308507667101e-01 1.472106229424720858e-01 7.860589512966528747e-02
4.513857047416267587e-01 2.157115092551912805e-01 1.742553755365242596e-01
3.159354797159448225e-01 3.159354797159448225e-01 3.159354797159448225e-01
3.191145147220047495e-01 3.191145147220047495e-01 3.191145147220047495e-01
3.222935497280648987e-01 3.222935497280648987e-01 3.222935497280648987e-01
3.254725847341250478e-01 3.254725847341250478e-01 3.254725847341250478e-01
3.286516197401851413e-01 3.286516197401851413e-01 3.286516197401851413e-01
3.318306547462451794e-01 3.318306547462451794e-01 3.318306547462451794e-01
3.350096897523052730e-01 3.350096897523052730e-01 3.350096897523052730e-01
3.381887247583653111e-01 3.381887247583653111e-01 3.381887247583653111e-01
3.413677597644254047e-01 3.413677597644254047e-01 3.413677597644254047e-01
3.445467947704855538e-01 3.445467947704855538e-01 3.445467947704855538e-01
3.477258297765455919e-01 3.477258297765455919e-01 3.477258297765455919e-01
3.509048647826056300e-01 3.509048647826056300e-01 3.509048647826056300e-01
3.540838997886656681e-01 3.540838997886656681e-01 3.540838997886656681e-01
3.572629347947257061e-01 3.572629347947257061e-01 3.572629347947257061e-01
3.604419698007859107e-01 3.604419698007859107e-01 3.604419698007859107e-01
3.636210048068459488e-01 3.636210048068459488e-01 3.636210048068459488e-01
3.668000398129058759e-01 3.668000398129058759e-01 3.668000398129058759e-01
3.699790748189660805e-01 3.699790748189660805e-01 3.699790748189660805e-01
3.731581098250262296e-01 3.731581098250262296e-01 3.731581098250262296e-01
3.763371448310863232e-01 3.763371448310863232e-01 3.763371448310863232e-01
3.795161798371463613e-01 3.795161798371463613e-01 3.795161798371463613e-01
3.826952148432063439e-01 3.826952148432063439e-01 3.826952148432063439e-01
3.858742498492664375e-01 3.858742498492664375e-01 3.858742498492664375e-01
3.890532848553264755e-01 3.890532848553264755e-01 3.890532848553264755e-01
3.922323198613865136e-01 3.922323198613865136e-01 3.922323198613865136e-01
3.954113548674466072e-01 3.954113548674466072e-01 3.954113548674466072e-01
3.985903898735067008e-01 3.985903898735067008e-01 3.985903898735067008e-01
4.017694248795667944e-01 4.017694248795667944e-01 4.017694248795667944e-01
4.049484598856268325e-01 4.049484598856268325e-01 4.049484598856268325e-01
4.081274948916869261e-01 4.081274948916869261e-01 4.081274948916869261e-01
4.113065298977470752e-01 4.113065298977470752e-01 4.113065298977470752e-01
4.144855649038071688e-01 4.144855649038071688e-01 4.144855649038071688e-01
4.176645999098672624e-01 4.176645999098672624e-01 4.176645999098672624e-01
4.208436349159273004e-01 4.208436349159273004e-01 4.208436349159273004e-01
4.240226699219872830e-01 4.240226699219872830e-01 4.240226699219872830e-01
4.272017049280473211e-01 4.272017049280473211e-01 4.272017049280473211e-01
4.303807399341073592e-01 4.303807399341073592e-01 4.303807399341073592e-01
4.335597749401674528e-01 4.335597749401674528e-01 4.335597749401674528e-01
4.367388099462275464e-01 4.367388099462275464e-01 4.367388099462275464e-01
4.399178449522875844e-01 4.399178449522875844e-01 4.399178449522875844e-01
4.430968799583476225e-01 4.430968799583476225e-01 4.430968799583476225e-01
4.462759149644076606e-01 4.462759149644076606e-01 4.462759149644076606e-01
4.494549499704676987e-01 4.494549499704676987e-01 4.494549499704676987e-01
4.526339849765278478e-01 4.526339849765278478e-01 4.526339849765278478e-01
4.558130199825878859e-01 4.558130199825878859e-01 4.558130199825878859e-01
4.589920549886479795e-01 4.589920549886479795e-01 4.589920549886479795e-01
4.621710899947081286e-01 4.621710899947081286e-01 4.621710899947081286e-01
4.653501250007682222e-01 4.653501250007682222e-01 4.653501250007682222e-01
4.685291600068282603e-01 4.685291600068282603e-01 4.685291600068282603e-01
4.717081950128883538e-01 4.717081950128883538e-01 4.717081950128883538e-01
4.748872300189484474e-01 4.748872300189484474e-01 4.748872300189484474e-01
4.780662650250084300e-01 4.780662650250084300e-01 4.780662650250084300e-01
4.812453000310685236e-01 4.812453000310685236e-01 4.812453000310685236e-01
4.844243350371286172e-01 4.844243350371286172e-01 4.844243350371286172e-01
4.876033700431887663e-01 4.876033700431887663e-01 4.876033700431887663e-01
4.907824050492486934e-01 4.907824050492486934e-01 4.907824050492486934e-01
4.939614400553087314e-01 4.939614400553087314e-01 4.939614400553087314e-01
4.971404750613688250e-01 4.971404750613688250e-01 4.971404750613688250e-01
5.003195100674289186e-01 5.003195100674289186e-01 5.003195100674289186e-01
5.034985450734891232e-01 5.034985450734891232e-01 5.034985450734891232e-01
5.066775800795491058e-01 5.066775800795491058e-01 5.066775800795491058e-01
5.098566150856089774e-01 5.098566150856089774e-01 5.098566150856089774e-01
5.130356500916689599e-01 5.130356500916689599e-01 5.130356500916689599e-01
5.162146850977290535e-01 5.162146850977290535e-01 5.162146850977290535e-01
5.193937201037892581e-01 5.193937201037892581e-01 5.193937201037892581e-01
5.225727551098493517e-01 5.225727551098493517e-01 5.225727551098493517e-01
5.257517901159095564e-01 5.257517901159095564e-01 5.257517901159095564e-01
5.289308251219696499e-01 5.289308251219696499e-01 5.289308251219696499e-01
5.321098601280296325e-01 5.321098601280296325e-01 5.321098601280296325e-01
5.352888951340897261e-01 5.352888951340897261e-01 5.352888951340897261e-01
5.384679301401500418e-01 5.384679301401500418e-01 5.384679301401500418e-01
5.416469651462099133e-01 5.416469651462099133e-01 5.416469651462099133e-01
5.448260001522700069e-01 5.448260001522700069e-01 5.448260001522700069e-01
5.480050351583301005e-01 5.480050351583301005e-01 5.480050351583301005e-01
5.511840701643900831e-01 5.511840701643900831e-01 5.511840701643900831e-01
5.543631051704501767e-01 5.543631051704501767e-01 5.543631051704501767e-01
5.575421401765101592e-01 5.575421401765101592e-01 5.575421401765101592e-01
5.607211751825702528e-01 5.607211751825702528e-01 5.607211751825702528e-01
5.639002101886303464e-01 5.639002101886303464e-01 5.639002101886303464e-01
5.670792451946904400e-01 5.670792451946904400e-01 5.670792451946904400e-01
5.702582802007505336e-01 5.702582802007505336e-01 5.702582802007505336e-01
5.734373152068106272e-01 5.734373152068106272e-01 5.734373152068106272e-01
5.766163502128706098e-01 5.766163502128706098e-01 5.766163502128706098e-01
5.797953852189307034e-01 5.797953852189307034e-01 5.797953852189307034e-01
5.829744202249907969e-01 5.829744202249907969e-01 5.829744202249907969e-01
5.861534552310508905e-01 5.861534552310508905e-01 5.861534552310508905e-01
5.893324902371108731e-01 5.893324902371108731e-01 5.893324902371108731e-01
5.925115252431707447e-01 5.925115252431707447e-01 5.925115252431707447e-01
5.956905602492309493e-01 5.956905602492309493e-01 5.956905602492309493e-01
5.988695952552911539e-01 5.988695952552911539e-01 5.988695952552911539e-01
6.020486302613512475e-01 6.020486302613512475e-01 6.020486302613512475e-01
6.052276652674113411e-01 6.052276652674113411e-01 6.052276652674113411e-01
6.084067002734714347e-01 6.084067002734714347e-01 6.084067002734714347e-01
6.115857352795314172e-01 6.115857352795314172e-01 6.115857352795314172e-01
6.147647702855915108e-01 6.147647702855915108e-01 6.147647702855915108e-01
6.179438052916513824e-01 6.179438052916513824e-01 6.179438052916513824e-01
6.211228402977114760e-01 6.211228402977114760e-01 6.211228402977114760e-01
6.243018753037716806e-01 6.243018753037716806e-01 6.243018753037716806e-01
6.274809103098316632e-01 6.274809103098316632e-01 6.274809103098316632e-01
6.306599453158917568e-01 6.306599453158917568e-01 6.306599453158917568e-01
6.338389803219519614e-01 6.338389803219519614e-01 6.338389803219519614e-01
6.370180153280120550e-01 6.370180153280120550e-01 6.370180153280120550e-01
6.401970503340720375e-01 6.401970503340720375e-01 6.401970503340720375e-01
6.433760853401320201e-01 6.433760853401320201e-01 6.433760853401320201e-01
6.465551203461920027e-01 6.465551203461920027e-01 6.465551203461920027e-01
6.497341553522518742e-01 6.497341553522518742e-01 6.497341553522518742e-01
6.529131903583121899e-01 6.529131903583121899e-01 6.529131903583121899e-01
6.560922253643723945e-01 6.560922253643723945e-01 6.560922253643723945e-01
6.592712603704325991e-01 6.592712603704325991e-01 6.592712603704325991e-01
6.624502953764925817e-01 6.624502953764925817e-01 6.624502953764925817e-01
6.656293303825525642e-01 6.656293303825525642e-01 6.656293303825525642e-01
6.688083653886125468e-01 6.688083653886125468e-01 6.688083653886125468e-01
6.719874003946727514e-01 6.719874003946727514e-01 6.719874003946727514e-01
6.751664354007328450e-01 6.751664354007328450e-01 6.751664354007328450e-01
6.783454704067928276e-01 6.783454704067928276e-01 6.783454704067928276e-01
6.815245054128529212e-01 6.815245054128529212e-01 6.815245054128529212e-01
6.847035404189131258e-01 6.847035404189131258e-01 6.847035404189131258e-01
6.878825754249732194e-01 6.878825754249732194e-01 6.878825754249732194e-01
6.910616104310330909e-01 6.910616104310330909e-01 6.910616104310330909e-01
6.942406454370930735e-01 6.942406454370930735e-01 6.942406454370930735e-01
6.974196804431531671e-01 6.974196804431531671e-01 6.974196804431531671e-01
7.005987154492132607e-01 7.005987154492132607e-01 7.005987154492132607e-01
7.037777504552736874e-01 7.037777504552736874e-01 7.037777504552736874e-01
7.069567854613338920e-01 7.069567854613338920e-01 7.069567854613338920e-01
7.101358204673937635e-01 7.101358204673937635e-01 7.101358204673937635e-01
7.133148554734536351e-01 7.133148554734536351e-01 7.133148554734536351e-01
7.164938904795136176e-01 7.164938904795136176e-01 7.164938904795136176e-01
7.196729254855736002e-01 7.196729254855736002e-01 7.196729254855736002e-01
7.228519604916338048e-01 7.228519604916338048e-01 7.228519604916338048e-01
7.260309954976938984e-01 7.260309954976938984e-01 7.260309954976938984e-01
7.292100305037539920e-01 7.292100305037539920e-01 7.292100305037539920e-01
7.323890655098140856e-01 7.323890655098140856e-01 7.323890655098140856e-01
7.355681005158742902e-01 7.355681005158742902e-01 7.355681005158742902e-01
7.387471355219342728e-01 7.387471355219342728e-01 7.387471355219342728e-01
7.419261705279943664e-01 7.419261705279943664e-01 7.419261705279943664e-01
7.451052055340544600e-01 7.451052055340544600e-01 7.451052055340544600e-01
7.482842405401143315e-01 7.482842405401143315e-01 7.482842405401143315e-01
7.514632755461745361e-01 7.514632755461745361e-01 7.514632755461745361e-01
7.546423105522347408e-01 7.546423105522347408e-01 7.546423105522347408e-01
7.578213455582947233e-01 7.578213455582947233e-01 7.578213455582947233e-01
7.610003805643548169e-01 7.610003805643548169e-01 7.610003805643548169e-01
7.641794155704150215e-01 7.641794155704150215e-01 7.641794155704150215e-01
7.673584505764750041e-01 7.673584505764750041e-01 7.673584505764750041e-01
7.705374855825347646e-01 7.705374855825347646e-01 7.705374855825347646e-01
7.737165205885950803e-01 7.737165205885950803e-01 7.737165205885950803e-01
7.768955555946552849e-01 7.768955555946552849e-01 7.768955555946552849e-01
7.800745906007152675e-01 7.800745906007152675e-01 7.800745906007152675e-01
7.832536256067751390e-01 7.832536256067751390e-01 7.832536256067751390e-01
7.864326606128352326e-01 7.864326606128352326e-01 7.864326606128352326e-01
7.896116956188952152e-01 7.896116956188952152e-01 7.896116956188952152e-01
7.927907306249554198e-01 7.927907306249554198e-01 7.927907306249554198e-01
7.959697656310156244e-01 7.959697656310156244e-01 7.959697656310156244e-01
7.991488006370756070e-01 7.991488006370756070e-01 7.991488006370756070e-01
8.023278356431354785e-01 8.023278356431354785e-01 8.023278356431354785e-01
8.055068706491954611e-01 8.055068706491954611e-01 8.055068706491954611e-01
8.086859056552557767e-01 8.086859056552557767e-01 8.086859056552557767e-01
8.118649406613157593e-01 8.118649406613157593e-01 8.118649406613157593e-01
8.150439756673758529e-01 8.150439756673758529e-01 8.150439756673758529e-01
8.182230106734359465e-01 8.182230106734359465e-01 8.182230106734359465e-01
8.214020456794960401e-01 8.214020456794960401e-01 8.214020456794960401e-01
8.245810806855561337e-01 8.245810806855561337e-01 8.245810806855561337e-01
8.277601156916161163e-01 8.277601156916161163e-01 8.277601156916161163e-01
8.309391506976760988e-01 8.309391506976760988e-01 8.309391506976760988e-01
8.341181857037363034e-01 8.341181857037363034e-01 8.341181857037363034e-01
8.372972207097965081e-01 8.372972207097965081e-01 8.372972207097965081e-01
8.404762557158564906e-01 8.404762557158564906e-01 8.404762557158564906e-01
8.436552907219163622e-01 8.436552907219163622e-01 8.436552907219163622e-01
8.468343257279765668e-01 8.468343257279765668e-01 8.468343257279765668e-01
8.500133607340365494e-01 8.500133607340365494e-01 8.500133607340365494e-01
8.531923957400965319e-01 8.531923957400965319e-01 8.531923957400965319e-01
8.563714307461565145e-01 8.563714307461565145e-01 8.563714307461565145e-01
8.595504657522168301e-01 8.595504657522168301e-01 8.595504657522168301e-01
8.627295007582770348e-01 8.627295007582770348e-01 8.627295007582770348e-01
8.659085357643371283e-01 8.659085357643371283e-01 8.659085357643371283e-01
8.690875707703971109e-01 8.690875707703971109e-01 8.690875707703971109e-01
8.722666057764568714e-01 8.722666057764568714e-01 8.722666057764568714e-01
8.754456407825169650e-01 8.754456407825169650e-01 8.754456407825169650e-01
8.786246757885770586e-01 8.786246757885770586e-01 8.786246757885770586e-01
8.818037107946371522e-01 8.818037107946371522e-01 8.818037107946371522e-01
8.849827458006971348e-01 8.849827458006971348e-01 8.849827458006971348e-01
8.881617808067573394e-01 8.881617808067573394e-01 8.881617808067573394e-01
8.913408158128175440e-01 8.913408158128175440e-01 8.913408158128175440e-01
8.945198508188777486e-01 8.945198508188777486e-01 8.945198508188777486e-01
8.976988858249378422e-01 8.976988858249378422e-01 8.976988858249378422e-01
9.008779208309978248e-01 9.008779208309978248e-01 9.008779208309978248e-01
9.040569558370576964e-01 9.040569558370576964e-01 9.040569558370576964e-01
9.072359908431176789e-01 9.072359908431176789e-01 9.072359908431176789e-01
